router,no,type,arrival,begin,service time,end,wait in q,spend,idle \ 
  server type,no,type,arrival,begin,service time,end,wait in q,spend,idle

R,1,Px,5.81801,5.81801,1.25965,7.07767,0,1.25965,5.81801  
R,2,Py,8.31192,8.31192,0.515786,8.8277,0,0.515786,1.23425  
R,3,Px,8.92543,8.92543,0.792013,9.71744,0,0.792013,0.0977271  S1,3,Px,7.07767,7.07767,4.03647,11.1141,0,4.03647,7.07767  
R,4,Px,14.1678,14.1678,0.924002,15.0918,0,0.924002,4.4504  S1,4,Px,9.71744,11.1141,4.08452,15.1987,1.3967,5.48121,0  
R,5,Py,14.2033,15.0918,1.05625,16.1481,0.888577,1.94483,0  
R,6,Py,15.3511,16.1481,0.302998,16.4511,0.797016,1.10001,0  S2,6,Py,8.8277,8.8277,7.66242,16.4901,0,7.66242,8.8277  
R,7,Px,15.3849,16.4511,1.21511,17.6662,1.06615,2.28126,0  S1,7,Px,15.0918,15.1987,3.67503,18.8737,0.106813,3.78184,0  
R,8,Px,21.1732,21.1732,1.67787,22.8511,0,1.67787,3.50703  S1,8,Px,17.6662,18.8737,4.49583,23.3695,1.20748,5.70332,0  S2,8,Py,16.1481,16.4901,7.66165,24.1518,0.342026,8.00368,0  S1,8,Px,22.8511,23.3695,3.70298,27.0725,0.518412,4.22139,0  
R,9,Px,25.1667,25.1667,2.07252,27.2392,0,2.07252,2.31554  S1,9,Px,27.2392,27.2392,3.756,30.9952,0,3.756,0.166675  S2,9,Py,16.4511,24.1518,6.86917,31.0209,7.70068,14.5699,0  
R,10,Py,31.7281,31.7281,0.506246,32.2344,0,0.506246,4.48893  S2,10,Py,32.2344,32.2344,6.80509,39.0394,0,6.80509,1.21341  
R,11,Py,43.1799,43.1799,1.24497,44.4249,0,1.24497,10.9456  
R,12,Px,50.9104,50.9104,0.572938,51.4834,0,0.572938,6.4855  S2,12,Py,44.4249,44.4249,7.35931,51.7842,0,7.35931,5.38546  
R,13,Px,52.7597,52.7597,0.595543,53.3552,0,0.595543,1.27631  
R,14,Py,53.957,53.957,0.643767,54.6007,0,0.643767,0.601767  S1,14,Px,51.4834,51.4834,4.29032,55.7737,0,4.29032,20.4882  
R,15,Px,53.9932,54.6007,1.57701,56.1777,0.607558,2.18456,0  
R,16,Px,54.1568,56.1777,1.6173,57.795,2.02095,3.63825,0  
R,17,Py,57.9181,57.9181,1.27793,59.196,0,1.27793,0.123023  S1,17,Px,53.3552,55.7737,4.31363,60.0873,2.41846,6.73209,0  S2,17,Py,54.6007,54.6007,6.93602,61.5368,0,6.93602,2.81652  
R,18,Py,62.1117,62.1117,1.02302,63.1347,0,1.02302,2.9157  S1,18,Px,56.1777,60.0873,3.47476,63.5621,3.90955,7.38431,0  
R,19,Py,65.6277,65.6277,0.997936,66.6256,0,0.997936,2.49296  S1,19,Px,57.795,63.5621,4.68441,68.2465,5.76702,10.4514,0  S2,19,Py,59.196,61.5368,6.94284,68.4796,2.34076,9.2836,0  
R,20,Px,74.0816,74.0816,0.376848,74.4584,0,0.376848,7.45596  
R,21,Py,75.3115,75.3115,0.625611,75.9371,0,0.625611,0.853082  S2,21,Py,63.1347,68.4796,7.72101,76.2006,5.34488,13.0659,0  
R,22,Px,77.6345,77.6345,0.507215,78.1417,0,0.507215,1.69734  S1,22,Px,74.4584,74.4584,4.58181,79.0402,0,4.58181,6.21196  S2,22,Py,66.6256,76.2006,6.32026,82.5209,9.575,15.8953,0  S1,22,Px,78.1417,79.0402,3.85296,82.8932,0.898559,4.75152,0  
R,23,Px,82.9731,82.9731,1.26528,84.2384,0,1.26528,4.83142  S1,23,Px,84.2384,84.2384,3.91522,88.1536,0,3.91522,1.34518  S2,23,Py,75.9371,82.5209,5.87895,88.3998,6.58376,12.4627,0  
R,24,Px,89.7618,89.7618,0.273068,90.0349,0,0.273068,5.52343  S1,24,Px,90.0349,90.0349,3.28482,93.3197,0,3.28482,1.88128  
R,25,Py,94.9604,94.9604,0.00894599,94.9694,0,0.00894599,4.92553  
R,26,Px,97.219,97.219,0.608895,97.8279,0,0.608895,2.24966  S1,26,Px,97.8279,97.8279,3.8497,101.678,0,3.8497,4.50821  S2,26,Py,94.9694,94.9694,7.05571,102.025,0,7.05571,6.56952  
R,27,Py,101.751,101.751,1.66277,103.414,0,1.66277,3.92343  
R,28,Py,105.521,105.521,1.0912,106.613,0,1.0912,2.10738  
R,29,Px,106.242,106.613,0.508639,107.121,0.370726,0.879364,0  
R,30,Px,106.46,107.121,0.829708,107.951,0.661408,1.49112,0  S2,30,Py,103.414,103.414,7.34109,110.755,0,7.34109,1.38904  S1,30,Px,107.121,107.121,3.9359,111.057,0,3.9359,5.44372  S1,30,Px,107.951,111.057,4.1946,115.252,3.10619,7.30079,0  
R,31,Px,115.657,115.657,0.25065,115.908,0,0.25065,7.70611  S2,31,Py,106.613,110.755,6.44704,117.202,4.14251,10.5896,0  S1,31,Px,115.908,115.908,5.03396,120.942,0,5.03396,0.655964  
R,32,Py,123.143,123.143,2.16138,125.305,0,2.16138,7.23565  
R,33,Px,126.817,126.817,1.08819,127.905,0,1.08819,1.5121  S1,33,Px,127.905,127.905,3.81202,131.717,0,3.81202,6.96335  S2,33,Py,125.305,125.305,7.43127,132.736,0,7.43127,8.10257  
R,34,Px,134.22,134.22,2.65425,136.874,0,2.65425,6.31513  
R,35,Px,135.026,136.874,1.01881,137.893,1.84865,2.86747,0  
R,36,Py,135.991,137.893,1.74908,139.642,1.90225,3.65132,0  S1,36,Px,136.874,136.874,3.12157,139.996,0,3.12157,5.15736  
R,37,Px,142.031,142.031,0.753377,142.785,0,0.753377,2.38884  
R,38,Px,142.151,142.785,1.07175,143.856,0.633411,1.70516,0  S1,38,Px,137.893,139.996,4.0286,144.025,2.10276,6.13135,0  
R,39,Py,142.482,143.856,0.556467,144.413,1.37411,1.93058,0  
R,40,Px,144.673,144.673,0.602125,145.275,0,0.602125,0.260473  
R,41,Px,144.709,145.275,0.622047,145.897,0.565946,1.18799,0  S2,41,Py,139.642,139.642,6.4604,146.103,0,6.4604,6.90629  
R,42,Px,144.921,145.897,1.29877,147.196,0.976447,2.27522,0  
R,43,Px,147.779,147.779,0.248005,148.027,0,0.248005,0.582317  S1,43,Px,142.785,144.025,4.66708,148.692,1.24006,5.90714,0  
R,44,Py,149.921,149.921,1.45187,151.373,0,1.45187,1.89457  
R,45,Px,152.018,152.018,0.647962,152.666,0,0.647962,0.644779  S1,45,Px,143.856,148.692,4.55713,153.249,4.8354,9.39253,0  S2,45,Py,144.413,146.103,7.42419,153.527,1.68997,9.11415,0  S1,45,Px,145.275,153.249,4.58729,157.836,7.97346,12.5607,0  
R,46,Px,159.735,159.735,0.716217,160.451,0,0.716217,7.06884  S2,46,Py,151.373,153.527,7.15876,160.686,2.15396,9.31273,0  S1,46,Px,145.897,157.836,4.38081,162.217,11.9387,16.3195,0  
R,47,Px,162.915,162.915,0.22264,163.137,0,0.22264,2.46397  
R,48,Py,166.404,166.404,0.287393,166.691,0,0.287393,3.26662  S1,48,Px,147.196,162.217,4.69179,166.909,15.0207,19.7125,0  
R,49,Px,167.134,167.134,1.30388,168.438,0,1.30388,0.442823  S1,49,Px,148.027,166.909,4.45933,171.368,18.8822,23.3415,0  S2,49,Py,166.691,166.691,6.31186,173.003,0,6.31186,6.00569  S1,49,Px,152.666,171.368,3.64066,175.009,18.7024,22.343,0  
R,50,Px,176.24,176.24,1.66874,177.909,0,1.66874,7.80228  S1,50,Px,160.451,175.009,3.80877,178.818,14.5579,18.3667,0  S1,50,Px,163.137,178.818,3.98718,182.805,15.6801,19.6673,0  S1,50,Px,168.438,182.805,4.70274,187.507,14.3666,19.0693,0  
R,51,Py,186.703,186.703,1.07818,187.781,0,1.07818,8.79365  
R,52,Px,189.11,189.11,1.01963,190.13,0,1.01963,1.32922  S1,52,Px,177.909,187.507,4.56053,192.068,9.59831,14.1588,0  
R,53,Py,191.066,191.066,1.35491,192.42,0,1.35491,0.935728  S2,53,Py,187.781,187.781,7.04987,194.831,0,7.04987,14.7777  S1,53,Px,190.13,192.068,4.6281,196.696,1.93816,6.56626,0  S2,53,Py,192.42,194.831,5.10492,199.936,2.41038,7.51531,0  
