router,no,type,arrival,begin,service time,end,wait in q,spend,idle \ 
  server type,no,type,arrival,begin,service time,end,wait in q,spend,idle

R,1,Px,5,5,1,6,0,1,5  S1,1,Px,6,6,4,10,0,4,6  
R,2,Py,10,10,1,11,0,1,4  
R,3,Px,10,11,1,12,1,2,0  S1,3,Px,12,12,4,16,0,4,2  
R,4,Px,15,15,1,16,0,1,3  S2,4,Py,11,11,7,18,0,7,11  S1,4,Px,16,16,4,20,0,4,0  
R,5,Py,20,20,1,21,0,1,4  
R,6,Px,20,21,1,22,1,2,0  S1,6,Px,22,22,4,26,0,4,2  
R,7,Px,25,25,1,26,0,1,3  S2,7,Py,21,21,7,28,0,7,3  S1,7,Px,26,26,4,30,0,4,0  
R,8,Py,30,30,1,31,0,1,4  
R,9,Px,30,31,1,32,1,2,0  S1,9,Px,32,32,4,36,0,4,2  
R,10,Px,35,35,1,36,0,1,3  S2,10,Py,31,31,7,38,0,7,3  S1,10,Px,36,36,4,40,0,4,0  
R,11,Py,40,40,1,41,0,1,4  
R,12,Px,40,41,1,42,1,2,0  S1,12,Px,42,42,4,46,0,4,2  
R,13,Px,45,45,1,46,0,1,3  S2,13,Py,41,41,7,48,0,7,3  S1,13,Px,46,46,4,50,0,4,0  
R,14,Py,50,50,1,51,0,1,4  
R,15,Px,50,51,1,52,1,2,0  S1,15,Px,52,52,4,56,0,4,2  
R,16,Px,55,55,1,56,0,1,3  S2,16,Py,51,51,7,58,0,7,3  S1,16,Px,56,56,4,60,0,4,0  
R,17,Py,60,60,1,61,0,1,4  
R,18,Px,60,61,1,62,1,2,0  S1,18,Px,62,62,4,66,0,4,2  
R,19,Px,65,65,1,66,0,1,3  S2,19,Py,61,61,7,68,0,7,3  S1,19,Px,66,66,4,70,0,4,0  
R,20,Py,70,70,1,71,0,1,4  
R,21,Px,70,71,1,72,1,2,0  S1,21,Px,72,72,4,76,0,4,2  
R,22,Px,75,75,1,76,0,1,3  S2,22,Py,71,71,7,78,0,7,3  S1,22,Px,76,76,4,80,0,4,0  
R,23,Py,80,80,1,81,0,1,4  
R,24,Px,80,81,1,82,1,2,0  S1,24,Px,82,82,4,86,0,4,2  
R,25,Px,85,85,1,86,0,1,3  S2,25,Py,81,81,7,88,0,7,3  S1,25,Px,86,86,4,90,0,4,0  
R,26,Py,90,90,1,91,0,1,4  
R,27,Px,90,91,1,92,1,2,0  S1,27,Px,92,92,4,96,0,4,2  
R,28,Px,95,95,1,96,0,1,3  S2,28,Py,91,91,7,98,0,7,3  S1,28,Px,96,96,4,100,0,4,0  
R,29,Py,100,100,1,101,0,1,4  
R,30,Px,100,101,1,102,1,2,0  S1,30,Px,102,102,4,106,0,4,2  
R,31,Px,105,105,1,106,0,1,3  S2,31,Py,101,101,7,108,0,7,3  S1,31,Px,106,106,4,110,0,4,0  
R,32,Py,110,110,1,111,0,1,4  
R,33,Px,110,111,1,112,1,2,0  S1,33,Px,112,112,4,116,0,4,2  
R,34,Px,115,115,1,116,0,1,3  S2,34,Py,111,111,7,118,0,7,3  S1,34,Px,116,116,4,120,0,4,0  
R,35,Py,120,120,1,121,0,1,4  
R,36,Px,120,121,1,122,1,2,0  S1,36,Px,122,122,4,126,0,4,2  
R,37,Px,125,125,1,126,0,1,3  S2,37,Py,121,121,7,128,0,7,3  S1,37,Px,126,126,4,130,0,4,0  
R,38,Py,130,130,1,131,0,1,4  
R,39,Px,130,131,1,132,1,2,0  S1,39,Px,132,132,4,136,0,4,2  
R,40,Px,135,135,1,136,0,1,3  S2,40,Py,131,131,7,138,0,7,3  S1,40,Px,136,136,4,140,0,4,0  
R,41,Py,140,140,1,141,0,1,4  
R,42,Px,140,141,1,142,1,2,0  S1,42,Px,142,142,4,146,0,4,2  
R,43,Px,145,145,1,146,0,1,3  S2,43,Py,141,141,7,148,0,7,3  S1,43,Px,146,146,4,150,0,4,0  
R,44,Py,150,150,1,151,0,1,4  
R,45,Px,150,151,1,152,1,2,0  S1,45,Px,152,152,4,156,0,4,2  
R,46,Px,155,155,1,156,0,1,3  S2,46,Py,151,151,7,158,0,7,3  S1,46,Px,156,156,4,160,0,4,0  
R,47,Py,160,160,1,161,0,1,4  
R,48,Px,160,161,1,162,1,2,0  S1,48,Px,162,162,4,166,0,4,2  
R,49,Px,165,165,1,166,0,1,3  S2,49,Py,161,161,7,168,0,7,3  S1,49,Px,166,166,4,170,0,4,0  
R,50,Py,170,170,1,171,0,1,4  
R,51,Px,170,171,1,172,1,2,0  S1,51,Px,172,172,4,176,0,4,2  
R,52,Px,175,175,1,176,0,1,3  S2,52,Py,171,171,7,178,0,7,3  S1,52,Px,176,176,4,180,0,4,0  
R,53,Py,180,180,1,181,0,1,4  
R,54,Px,180,181,1,182,1,2,0  S1,54,Px,182,182,4,186,0,4,2  
R,55,Px,185,185,1,186,0,1,3  S2,55,Py,181,181,7,188,0,7,3  S1,55,Px,186,186,4,190,0,4,0  
R,56,Py,190,190,1,191,0,1,4  
R,57,Px,190,191,1,192,1,2,0  S1,57,Px,192,192,4,196,0,4,2  
R,58,Px,195,195,1,196,0,1,3  S2,58,Py,191,191,7,198,0,7,3  
